+998330016403
+998330133400
+998330140519
+998333340081
+998334004884
+998335557405
+998336906900
+998337340505
+998337796871
+998339058585
+998500204336
+998504006511
+998507511865
+998508811975
+998508831054
+998700296406
+998700365358
+998770080503
+998770414070
+998770708782
+998773537766
+998774040492
+998774917372
+998774929702
+998774999222
+998775285767
+998777272590
+998880080887
+998880094990
+998881162323
+998881163030
+998881864242
+998881881628
+998881978283
+998883378886
+998883470708
+998883631505
+998885320512
+998885375588
+998885403000
+998885494242
+998886094656
+998887135595
+998887459900
+998888750301
+998888776622
+998889210093
+998900034040
+998900053817
+998900145353
+998900163416
+998900243784
+998900298626
+998900353434
+998900444484
+998900531070
+998900979408
+998900992277
+998901094572
+998901107999
+998901117252
+998901139989
+998901213441
+998901245787
+998901250505
+998901304647
+998901308791
+998901597799
+998903238980
+998903323634
+998903341411
+998903345515
+998903350698
+998903352737
+998905446107
+998909065670
+998909203210
+998909226992
+998909261144
+998909290270
+998909403200
+998909439982
+998909498938
+998909500525
+998909506990
+998909607161
+998909700276
+998909795872
+998910047407
+998910161121
+998910166688
+998911364939
+998911686565
+998913111636
+998913913696
+998914561616
+998917725235
+998917761924
+998917766051
+998917820889
+998917825353
+998917858880
+998917882400
+998917962297
+998919060707
+998930076886
+998930080058
+998930423883
+998930577391
+998930766999
+998930872197
+998930980828
+998931012929
+998932023050
+998932072720
+998932234306
+998932747101
+998933355958
+998933451282
+998933810077
+998933845599
+998934380138
+998934666455
+998935109528
+998935163161
+998935235141
+998935281077
+998935455855
+998935514751
+998935575792
+998935605443
+998935606023
+998935718423
+998935844575
+998935897999
+998935955655
+998936000233
+998936012577
+998936057886
+998936167070
+998936179120
+998936276928
+998936307636
+998937272334
+998937549092
+998937762255
+998938084492
+998938131000
+998938145192
+998939241002
+998939255552
+998939265063
+998939520467
+998939700303
+998939866866
+998939888788
+998940007959
+998940148874
+998940311151
+998940375767
+998940417668
+998940501481
+998940506068
+998940583212
+998940632472
+998940638408
+998940837701
+998941219605
+998942158214
+998942621201
+998943683488
+998944055588
+998944100696
+998944210011
+998944343131
+998944379977
+998945356344
+998945493444
+998945663191
+998945843333
+998946004944
+998946028553
+998946108491
+998946250071
+998946271444
+998946332810
+998946351617
+998946420606
+998946507767
+998946661062
+998946827199
+998946968462
+998947493133
+998947714111
+998948328800
+998948479792
+998948873322
+998948981000
+998949041406
+998949196770
+998949199800
+998949227109
+998949259098
+998949288863
+998949329404
+998949363536
+998949415300
+998949468781
+998949483171
+998949500705
+998949849903
+998949999002
+998950095868
+998950507237
+998950511800
+998950770704
+998950891599
+998950952874
+998951522727
+998952773096
+998953761201
+998953764500
+998953968600
+998954192222
+998955563838
+998955888464
+998956376303
+998956568494
+998957059898
+998957763018
+998958004400
+998958335353
+998959080130
+998959493377
+998970040408
+998970134445
+998970147788
+998970463550
+998970490989
+998971002887
+998971050322
+998971140440
+998971169911
+998971180888
+998971380302
+998971408588
+998971670079
+998972493344
+998972631005
+998973004090
+998973402515
+998973422767
+998973454321
+998973456065
+998973474435
+998973980105
+998974206880
+998974322396
+998974408335
+998974451441
+998974545435
+998974547090
+998974618447
+998974665577
+998975459097
+998977066712
+998977090146
+998977171447
+998977301224
+998977373442
+998977376848
+998977511409
+998977629677
+998977699975
+998977737151
+998977830920
+998978177878
+998978669799
+998978768282
+998978780897
+998978821805
+998979512002
+998979671515
+998988000788
+998990008787
+998990026959
+998990029888
+998990050835
+998990066349
+998990070640
+998990202491
+998990302530
+998990392353
+998990472763
+998990505011
+998990580424
+998990605578
+998990705445
+998990997917
+998991188989
+998991558449
+998991576507
+998991681899
+998991731545
+998992050301
+998992225100
+998992249991
+998992400002
+998992504544
+998993006521
+998993247057
+998993548170
+998994007989
+998994042747
+998994057560
+998994072721
+998994265741
+998994626162
+998994858686
+998994926144
+998994932771
+998995146444
+998995650222
+998995722012
+998995765229
+998996085902
+998997666602
+998997674868
+998997870425
+998998007153
+998998058696
+998998145992
+998998196144
+998998203312
+998998225857
+998998233019
+998998255393
+998998272778
+998998372547
+998998400298
+998998430751
+998998469201
+998998479823
+998998502496
+998998515570
+998998535399
+998998561282
+998998591240
+998998621651
+998998797802
+998998803698
+998998838448
+998998892090
+998998942724
+998999027829
+998999288292
+998999387979
+998999488258
+998999669936
+998999690925
+998999881118
+998999894500